BveTs Map 2.02
#D-ATC閉塞
4000+25.1;
        Section.Begin(200, 219);
        Beacon.Put(217, 0,  1);
        Beacon.put(211, 0,100);

4099.8;	Beacon.Put(210, -1, 0);
4099.9;	Section.Begin(200, 219);
4100;	Section.Begin(200, 201, 202, 203, 204, 205, 206, 207, 208, 209, 210, 211, 212, 213, 214, 215, 216, 217, 218, 219);

4199.8;	Beacon.Put(210, -1, 0);
4199.9;	Section.Begin(200, 219);
4200;	Section.Begin(200, 201, 202, 203, 204, 205, 206, 207, 208, 209, 210, 211, 212, 213, 214, 215, 216, 217, 218, 219);

4299.8;	Beacon.Put(210, -1, 0);
4299.9;	Section.Begin(200, 219);
4300;	Section.Begin(200, 201, 202, 203, 204, 205, 206, 207, 208, 209, 210, 211, 212, 213, 214, 215, 216, 217, 218, 219);

4399.8;	Beacon.Put(210, -1, 0);
4399.9;	Section.Begin(200, 219);
4400;	Section.Begin(200, 201, 202, 203, 204, 205, 206, 207, 208, 209, 210, 211, 212, 213, 214, 215, 216, 217, 218, 219);

4499.8;	Beacon.Put(210, -1, 0);
4499.9;	Section.Begin(200, 219);
4500;	Section.Begin(200, 201, 202, 203, 204, 205, 206, 207, 208, 209, 210, 211, 212, 213, 214, 215, 216, 217, 218, 219);

4599.8;	Beacon.Put(210, -1, 0);
4599.9;	Section.Begin(200, 219);
4600;	Section.Begin(200, 201, 202, 203, 204, 205, 206, 207, 208, 209, 210, 211, 212, 213, 214, 215, 216, 217, 218, 219);

4699.8;	Beacon.Put(210, -1, 0);
4699.9;	Section.Begin(200, 219);
4700;	Section.Begin(200, 201, 202, 203, 204, 205, 206, 207, 208, 209, 210, 211, 212, 213, 214, 215, 216, 217, 218, 219);

4799.8;	Beacon.Put(210, -1, 0);
4799.9;	Section.Begin(200, 219);
4800;	Section.Begin(200, 201, 202, 203, 204, 205, 206, 207, 208, 209, 210, 211, 212, 213, 214, 215, 216, 217, 218, 219);

4899.8;	Beacon.Put(210, -1, 0);
4899.9;	Section.Begin(200, 219);
4900;	Section.Begin(200, 201, 202, 203, 204, 205, 206, 207, 208, 209, 210, 211, 212, 213, 214, 215, 216, 217, 218, 219);

4999.8;	Beacon.Put(210, -1, 0);
4999.9;	Section.Begin(200, 219);
5000;	Section.Begin(200, 201, 202, 203, 204, 205, 206, 207, 208, 209, 210, 211, 212, 213, 214, 215, 216, 217, 218, 219);

5099.8;	Beacon.Put(210, -1, 0);
5099.9;	Section.Begin(200, 219);
5100;	Section.Begin(200, 201, 202, 203, 204, 205, 206, 207, 208, 209, 210, 211, 212, 213, 214, 215, 216, 217, 218, 219);

5199.8;	Beacon.Put(210, -1, 0);
5199.9;	Section.Begin(200, 219);
5200;	Section.Begin(200, 201, 202, 203, 204, 205, 206, 207, 208, 209, 210, 211, 212, 213, 214, 215, 216, 217, 218, 219);

5299.8;	Beacon.Put(210, -1, 0);
5299.9;	Section.Begin(200, 219);
5300;	Section.Begin(200, 201, 202, 203, 204, 205, 206, 207, 208, 209, 210, 211, 212, 213, 214, 215, 216, 217, 218, 219);

5399.8;	Beacon.Put(210, -1, 0);
5399.9;	Section.Begin(200, 219);
5400;	Section.Begin(200, 201, 202, 203, 204, 205, 206, 207, 208, 209, 210, 211, 212, 213, 214, 215, 216, 217, 218, 219);

5499.8;	Beacon.Put(210, -1, 0);
5499.9;	Section.Begin(200, 219);
5500;	Section.Begin(200, 201, 202, 203, 204, 205, 206, 207, 208, 209, 210, 211, 212, 213, 214, 215, 216, 217, 218, 219);

5599.8;	Beacon.Put(210, -1, 0);
5599.9;	Section.Begin(200, 219);
5600;	Section.Begin(200, 201, 202, 203, 204, 205, 206, 207, 208, 209, 210, 211, 212, 213, 214, 215, 216, 217, 218, 219);

5699.8;	Beacon.Put(210, -1, 0);
5699.9;	Section.Begin(200, 219);
5700;	Section.Begin(200, 201, 202, 203, 204, 205, 206, 207, 208, 209, 210, 211, 212, 213, 214, 215, 216, 217, 218, 219);

5799.8;	Beacon.Put(210, -1, 0);
5799.9;	Section.Begin(200, 219);
5800;	Section.Begin(200, 201, 202, 203, 204, 205, 206, 207, 208, 209, 210, 211, 212, 213, 214, 215, 216, 217, 218, 219);

5899.8;	Beacon.Put(210, -1, 0);
5899.9;	Section.Begin(200, 219);
5900;	Section.Begin(200, 201, 202, 203, 204, 205, 206, 207, 208, 209, 210, 211, 212, 213, 214, 215, 216, 217, 218, 219);

5999.8;	Beacon.Put(210, -1, 0);
5999.9;	Section.Begin(200, 219);
6000;	Section.Begin(200, 201, 202, 203, 204, 205, 206, 207, 208, 209, 210, 211, 212, 213, 214, 215, 216, 217, 218, 219);

6099.8;	Beacon.Put(210, -1, 0);
6099.9;	Section.Begin(200, 219);
6100;	Section.Begin(200, 201, 202, 203, 204, 205, 206, 207, 208, 209, 210, 211, 212, 213, 214, 215, 216, 217, 218, 219);

6199.8;	Beacon.Put(210, -1, 0);
6199.9;	Section.Begin(200, 219);
6200;	Section.Begin(200, 201, 202, 203, 204, 205, 206, 207, 208, 209, 210, 211, 212, 213, 214, 215, 216, 217, 218, 219);

6299.8;	Beacon.Put(210, -1, 0);
6299.9;	Section.Begin(200, 219);
6300;	Section.Begin(200, 201, 202, 203, 204, 205, 206, 207, 208, 209, 210, 211, 212, 213, 214, 215, 216, 217, 218, 219);

6399.8;	Beacon.Put(210, -1, 0);
6399.9;	Section.Begin(200, 219);
6400;	Section.Begin(200, 201, 202, 203, 204, 205, 206, 207, 208, 209, 210, 211, 212, 213, 214, 215, 216, 217, 218, 219);

6499.8;	Beacon.Put(210, -1, 0);
6499.9;	Section.Begin(200, 219);
6500;	Section.Begin(200, 201, 202, 203, 204, 205, 206, 207, 208, 209, 210, 211, 212, 213, 214, 215, 216, 217, 218, 219);

6599.8;	Beacon.Put(210, -1, 0);
6599.9;	Section.Begin(200, 219);
6600;	Section.Begin(200, 201, 202, 203, 204, 205, 206, 207, 208, 209, 210, 211, 212, 213, 214, 215, 216, 217, 218, 219);

6699.8;	Beacon.Put(210, -1, 0);
6699.9;	Section.Begin(200, 219);
6700;	Section.Begin(200, 201, 202, 203, 204, 205, 206, 207, 208, 209, 210, 211, 212, 213, 214, 215, 216, 217, 218, 219);

6799.8;	Beacon.Put(210, -1, 0);
6799.9;	Section.Begin(200, 219);
6800;	Section.Begin(200, 201, 202, 203, 204, 205, 206, 207, 208, 209, 210, 211, 212, 213, 214, 215, 216, 217, 218, 219);

6899.8;	Beacon.Put(210, -1, 0);
6899.9;	Section.Begin(200, 219);
6900;	Section.Begin(200, 201, 202, 203, 204, 205, 206, 207, 208, 209, 210, 211, 212, 213, 214, 215, 216, 217, 218, 219);

6999.8;	Beacon.Put(210, -1, 0);
6999.9;	Section.Begin(200, 219);
7000;	Section.Begin(200, 201, 202, 203, 204, 205, 206, 207, 208, 209, 210, 211, 212, 213, 214, 215, 216, 217, 218, 219);

7099.8;	Beacon.Put(210, -1, 0);
7099.9;	Section.Begin(200, 219);
7100;	Section.Begin(200, 201, 202, 203, 204, 205, 206, 207, 208, 209, 210, 211, 212, 213, 214, 215, 216, 217, 218, 219);

7199.8;	Beacon.Put(210, -1, 0);
7199.9;	Section.Begin(200, 219);
7200;	Section.Begin(200, 201, 202, 203, 204, 205, 206, 207, 208, 209, 210, 211, 212, 213, 214, 215, 216, 217, 218, 219);

7299.8;	Beacon.Put(210, -1, 0);
7299.9;	Section.Begin(200, 219);
7300;	Section.Begin(200, 201, 202, 203, 204, 205, 206, 207, 208, 209, 210, 211, 212, 213, 214, 215, 216, 217, 218, 219);

7399.8;	Beacon.Put(210, -1, 0);
7399.9;	Section.Begin(200, 219);
7400;	Section.Begin(200, 201, 202, 203, 204, 205, 206, 207, 208, 209, 210, 211, 212, 213, 214, 215, 216, 217, 218, 219);

7499.8;	Beacon.Put(210, -1, 0);
7499.9;	Section.Begin(200, 219);
7500;	Section.Begin(200, 201, 202, 203, 204, 205, 206, 207, 208, 209, 210, 211, 212, 213, 214, 215, 216, 217, 218, 219);

7599.8;	Beacon.Put(210, -1, 0);
7599.9;	Section.Begin(200, 219);
7600;	Section.Begin(200, 201, 202, 203, 204, 205, 206, 207, 208, 209, 210, 211, 212, 213, 214, 215, 216, 217, 218, 219);

7699.8;	Beacon.Put(210, -1, 0);
7699.9;	Section.Begin(200, 219);
7700;	Section.Begin(200, 201, 202, 203, 204, 205, 206, 207, 208, 209, 210, 211, 212, 213, 214, 215, 216, 217, 218, 219);

7799.8;	Beacon.Put(210, -1, 0);
7799.9;	Section.Begin(200, 219);
7800;	Section.Begin(200, 201, 202, 203, 204, 205, 206, 207, 208, 209, 210, 211, 212, 213, 214, 215, 216, 217, 218, 219);

7899.8;	Beacon.Put(210, -1, 0);
7899.9;	Section.Begin(200, 219);
7900;	Section.Begin(200, 201, 202, 203, 204, 205, 206, 207, 208, 209, 210, 211, 212, 213, 214, 215, 216, 217, 218, 219);

7999.8;	Beacon.Put(210, -1, 0);
7999.9;	Section.Begin(200, 219);
8000;	Section.Begin(200, 201, 202, 203, 204, 205, 206, 207, 208, 209, 210, 211, 212, 213, 214, 215, 216, 217, 218, 219);

8099.8;	Beacon.Put(210, -1, 0);
8099.9;	Section.Begin(200, 219);
8100;	Section.Begin(200, 201, 202, 203, 204, 205, 206, 207, 208, 209, 210, 211, 212, 213, 214, 215, 216, 217, 218, 219);

8199.8;	Beacon.Put(210, -1, 0);
8199.9;	Section.Begin(200, 219);
8200;	Section.Begin(200, 201, 202, 203, 204, 205, 206, 207, 208, 209, 210, 211, 212, 213, 214, 215, 216, 217, 218, 219);

8299.8;	Beacon.Put(210, -1, 0);
8299.9;	Section.Begin(200, 219);
8300;	Section.Begin(200, 201, 202, 203, 204, 205, 206, 207, 208, 209, 210, 211, 212, 213, 214, 215, 216, 217, 218, 219);

8399.8;	Beacon.Put(210, -1, 0);
8399.9;	Section.Begin(200, 219);
8400;	Section.Begin(200, 201, 202, 203, 204, 205, 206, 207, 208, 209, 210, 211, 212, 213, 214, 215, 216, 217, 218, 219);

8499.8;	Beacon.Put(210, -1, 0);
8499.9;	Section.Begin(200, 219);
8500;	Section.Begin(200, 201, 202, 203, 204, 205, 206, 207, 208, 209, 210, 211, 212, 213, 214, 215, 216, 217, 218, 219);

8599.8;	Beacon.Put(210, -1, 0);
8599.9;	Section.Begin(200, 219);
8600;	Section.Begin(200, 201, 202, 203, 204, 205, 206, 207, 208, 209, 210, 211, 212, 213, 214, 215, 216, 217, 218, 219);

8699.8;	Beacon.Put(210, -1, 0);
8699.9;	Section.Begin(200, 219);
8700;	Section.Begin(200, 201, 202, 203, 204, 205, 206, 207, 208, 209, 210, 211, 212, 213, 214, 215, 216, 217, 218, 219);

8799.8;	Beacon.Put(210, -1, 0);
8799.9;	Section.Begin(200, 219);
8800;	Section.Begin(200, 201, 202, 203, 204, 205, 206, 207, 208, 209, 210, 211, 212, 213, 214, 215, 216, 217, 218, 219);

8899.8;	Beacon.Put(210, -1, 0);
8899.9;	Section.Begin(200, 219);
8900;	Section.Begin(200, 201, 202, 203, 204, 205, 206, 207, 208, 209, 210, 211, 212, 213, 214, 215, 216, 217, 218, 219);

9000-5.1;	#Beacon.Put(210, -1, 0);
9000-5;	  #Section.Begin(200, 219);
#-------------------------------------------------------------------------------
2000;   Beacon.Put(213,0, 3000-2000-225); #駅構内閉塞開始
        Beacon.Put(214,0, 3000-2000);     #駅構内閉塞終了
3000;   Beacon.Put(213,0, 4000-3000-225); #駅構内閉塞開始
        Beacon.Put(214,0, 4000-3000);     #駅構内閉塞終了
4000;   Beacon.Put(213,0, 5000-4000-225); #駅構内閉塞開始
        Beacon.Put(214,0, 5000-4000);     #駅構内閉塞終了
5000;   Beacon.Put(213,0, 6000-5000-225); #駅構内閉塞開始
        Beacon.Put(214,0, 6000-5000);     #駅構内閉塞終了
6000;   Beacon.Put(213,0, 7000-6000-225); #駅構内閉塞開始
        Beacon.Put(214,0, 7000-6000);     #駅構内閉塞終了
7000;   Beacon.Put(213,0, 8000-7000-225); #駅構内閉塞開始
        Beacon.Put(214,0, 8000-7000);     #駅構内閉塞終了
8000;   Beacon.Put(213,0, 9000-8000-225); #駅構内閉塞開始
        Beacon.Put(214,0, 9000-8000);     #駅構内閉塞終了
9000;   Beacon.Put(213,0,10000-9000-225); #駅構内閉塞開始
        Beacon.Put(214,0,10000-9000);     #駅構内閉塞終了
10000;  Beacon.Put(213,0,11000-10000-225);#駅構内閉塞開始
        Beacon.Put(214,0,11000-10000);    #駅構内閉塞終了
11000;  Beacon.Put(213,0,12000-11000-225);#駅構内閉塞開始
        Beacon.Put(214,0,12000-11000);    #駅構内閉塞終了
12000;  Beacon.Put(213,0,13000-12000-225);#駅構内閉塞開始
        Beacon.Put(214,0,13000-12000);    #駅構内閉塞終了
13000;  Beacon.Put(213,0,14000-13000-225);#駅構内閉塞開始
        Beacon.Put(214,0,14000-13000);    #駅構内閉塞終了
#-------------------------------------------------------------------------------
2000;             Beacon.put( 211,  0, 100);
2100;             Beacon.put( 212,  0, 400000+75);
2975+$TrainDis;   Beacon.put( 211,  0, 100);
3575;             Beacon.put( 211,  0,  60);
4200+$TrainDis;   Beacon.put( 211,  0, 100);
7150;             Beacon.Put( 212, -1, 500000+35);
7750+$TrainDis;   Beacon.Put( 211, -1,  75);
7950+$TrainDis;   Beacon.Put( 211, -1, 100);
8175;             Beacon.Put( 212, -1, 500000+55);
9500;             Beacon.Put( 212, -1, 500000+90);
10525+$TrainDis;  Beacon.Put( 211, -1, 100);
